500 1000
2 282475249 624405720 984943658 145864577
3 
1 459606525 460533570 10749003 823564440
3 
1 74243042 114807987 139278150 443037974
2 823378840 143542612 896544303 476588816
1 1608451 818885207 133326580 197493099
1 893351816 507550982 956654744 638563473
3 
2 582479457 704877633 360336626 626134796
1 784558821 530511967 113521966 553657040
1 400881132 156091745 358180875 901649738
1 937186357 647790648 27676800 510616708
2 771515668 357571490 46543771 929457843
1 130060903 944483369 85210313 110484196
3 
3 
2 571540977 194847408 38819522 158374933
2 824938981 595028635 964163660 139379512
2 24250357 107554536 637095072 655757316
1 269220094 34075629 480202148 866302164
3 
1 559566051 149830745 909949945 500782188
3 
3 
2 271162399 818487213 884936716 808885984
3 
1 155607148 6600544 616783871 382955828
3 
3 
2 70982397 149477941 72233551 55132903
3 
3 
1 343609282 810021945 343098142 456880399
3 
3 
1 589673557 6441594 889688008 57716395
1 17630407 515204530 388471006 681910962
2 402041012 322842082 464935499 828530767
1 74941342 316824712 262729318 817615548
3 
1 196070385 318153057 115142910 877819790
3 
2 541437335 50832653 996497972 67447392
1 428975319 685583454 353100870 272112289
3 
2 726341773 532236123 24885153 836045813
3 
1 938084741 915896220 304987844 38223660
2 281725226 903671041 197941363 348318738
2 784559590 543436550 290145159 683564270
1 750597385 971307217 738950919 4266833
3 
1 461169143 953650532 537140623 850438067
3 
3 
2 757455562 624917272 992663534 46557336
3 
1 772779799 481330891 509732942 123390112
3 
1 621301815 155868638 106495680 222122669
2 240245200 884166194 944975825 568876857
3 
1 721289455 519029024 594578408 41000625
2 129157515 994977995 140002776 533818414
2 435585521 466444978 428540556 970211948
2 913056207 169875741 298918984 967113755
1 462851407 957828015 678030193 106978416
3 
2 5772502 734023153 784170963 454233502
3 
2 355718896 325357978 1277844 1887638
1 563695644 685428651 897054849 467400850
3 
1 797953661 524151066 781392422 203042009
1 642443576 353750870 459244054 458588260
1 834991545 48258611 38348819 837204200
3 
3 
1 670062295 685093351 907225550 605925150
2 24301412 411938554 114994091 524102504
3 
2 855007065 292415025 379847699 780633856
2 125089847 552265483 501650447 218264607
3 
3 
1 708510823 496925700 618682871 439540277
3 
1 286416091 487495370 684570285 504638663
3 
1 131596780 191271204 264452223 707953178
1 307187357 347221711 43983525 849076261
1 197551384 588738780 678620591 290623720
2 667306633 264731844 114331678 925238588
1 795054873 843998877 959637304 23735005
1 599777254 168068960 794014915 545293947
3 
2 105425602 566430193 549592754 32352532
1 22496220 690545035 988774857 112316760
3 
3 
3 
1 322968418 440781004 738342585 165069376
2 782532210 32106102 588860917 382542290
2 972818614 572547747 86756563 529855395
1 492160120 978719103 756467395 47424385
3 
2 521801053 937673930 252495471 616040779
1 495715250 600246897 620663567 367603950
1 66244127 171620203 350213900 941580167
1 605236905 937217003 13618676 257576597
2 143558780 170035526 836941832 463482574
2 347930189 417061896 525008418 158521957
2 753956630 798669970 475147687 666082723
3 
2 120508876 667945965 473917746 118710299
1 344185621 556026423 637850124 108668244
3 
1 118422418 958829064 322791560 614056598
1 495625587 242520150 464545198 711192801
3 
1 166536065 3559274 840415296 63040413
3 
3 
3 
1 460610435 153379764 76424008 263081550
1 404319195 754451257 320580158 306591337
1 189018057 52271887 766490553 801565212
3 
3 
3 
3 
3 
1 525244910 635168847 493948446 970343127
3 
1 250334414 450031625 244116641 176375164
3 
3 
1 927515974 177181445 477967020 805972220
2 265509239 93756348 63641305 172556929
2 654109836 9326460 537204356 772359304
3 
1 610761239 444657367 465621763 626907227
3 
1 476026939 209934345 403250548 325916458
3 
3 
2 404087375 356326671 599707308 343077045
1 423375887 268317158 41810747 41525274
2 964609358 38535563 276385241 551963180
2 115307827 948398795 116675178 659493089
3 
3 
2 6222571 706642601 957627097 597924308
2 368034324 799980108 21556230 75513575
3 
2 265963216 132057552 343775973 113523428
1 809026438 791481169 910297865 702715827
1 240372375 874112772 630076031 798335814
1 835500476 11927340 302277223 777568666
1 977260520 862627384 516341991 178425210
3 
1 622268744 225419518 464685718 724077581
2 438036414 856414336 523449818 529828661
1 822102918 173958028 987333029 500078034
3 
1 6933754 571486540 429164043 913090935
1 72559342 287846865 710842658 35126546
1 303133523 137017237 746232675 628070245
1 775226062 793483839 561780357 707454747
3 
2 97368447 88949715 329241693 649015226
1 116950811 997089626 473553501 439295525
3 
2 518869680 63967447 562165089 529843317
2 430880846 499521038 936509543 9995985
3 
2 954597719 73536496 126546894 67943788
2 272181634 768900682 707765235 498383912
3 
1 866683784 123775028 79933961 828256166
3 
3 
1 145837955 375121472 6938466 4782925
1 752828345 164692445 231848286 341914004
1 765556326 333748765 88207391 737904107
3 
2 115812768 48114454 207532753 841883097
2 450286479 584826679 501687788 48961654
3 
2 742753900 142357289 302173465 979840394
1 816289879 260214964 359301516 56564048
2 638876676 534404686 166052708 268361550
3 
1 924375752 88317113 786864268 975800204
3 
2 117022577 55777141 346645555 99703515
1 586802293 142987074 501897879 434233091
2 180157845 313304799 436200503 65029217
3 
3 
3 
2 80382413 572347482 67981921 110846043
1 688574086 75289719 526439150 230168410
1 186800316 284165252 314105590 11948605
2 103733639 46895463 397894346 498542618
3 
3 
2 527435538 148938504 594094833 302138975
1 512230057 140973330 18396470 505523489
1 284826081 683240358 977982551 465246673
2 134366437 494500522 308559364 933462537
2 400872460 10341441 13418421 591316179
3 
3 
2 90143208 264032581 894374165 510301449
2 231367332 647103501 214459759 947609847
1 637940462 628734657 726943819 710298150
1 232656588 43899483 434826720 245832299
3 
2 57975603 788974390 730291799 348330048
2 123959044 320514918 6995797 817350101
3 
1 885295731 400400148 662128245 129154961
1 929459157 976349575 937106452 655417820
2 231065316 67439096 726760150 123203068
3 
3 
1 262032136 835740262 745287701 130623910
2 902024889 247000897 610532382 893225062
3 
3 
1 545623405 889741299 156485092 526712963
2 771761420 192958060 345807450 895063368
1 450647494 209954843 747760434 887658148
2 365848775 927026218 888133095 46443522
2 810641871 821669329 478317940 261433719
1 307738820 27481411 523436726 511142630
2 99199374 352021760 464618989 953153785
2 846901691 707454475 920998393 157863575
1 40864647 967945596 74761594 592523017
2 644506543 313952733 236262852 172490261
1 876554400 511982380 71882072 791627504
1 278059498 421567014 728252845 238017309
3 
2 929596849 790709218 821019290 290530702
1 319518555 440992032 141117828 500841922
2 825566798 761676873 705530898 803694459
2 32072361 374122084 390093526 386663345
3 
2 768094285 836445878 717918284 491225989
2 626045960 433818714 836490787 675810707
3 
2 12000562 979222010 820241969 110998537
2 567222278 624917313 792001408 267127010
1 104576978 983646000 809207394 334734507
1 431922198 24761786 708749078 206310191
1 892408776 688507584 106829899 546129755
3 
2 350666 801783028 107466671 158592370
3 
3 
1 907424543 804672501 629306008 389114981
3 
1 267523810 792508359 994411019 350011026
3 
3 
2 955308353 281499546 608741435 857549891
1 224582466 430493930 791420921 250055883
2 112409861 40621834 980603586 418069684
1 125045196 598709266 547503114 269755757
3 
2 418853420 570381228 382644942 750607936
2 428001082 694558231 868322619 949983028
2 594139070 47385881 251766297 893369089
1 70540384 714958111 131722259 152713110
2 435075 425307598 522329230 25214615
1 270655128 530371950 905984247 421288959
1 797045639 295410841 340158977 802804279
3 
1 872823426 434874279 248263272 86383
2 351992800 976132622 235154168 69297956
1 838031238 796366900 422155843 239629767
2 600489246 600207129 950527144 378859175
2 928574063 134715893 277702727 70874618
1 48035099 224403775 925308447 933087662
3 
1 36242032 585066583 37435809 524630659
1 26001606 272918561 68179676 842483695
1 15049440 682107028 108218770 65213322
1 233123191 294405869 277117595 772628116
2 410263819 86361570 132307772 254256219
1 438217078 596111243 830447846 840725869
2 521841394 265094610 565782039 393486711
1 824315008 48439519 226693620 403681562
3 
3 
1 432761596 249377737 754137322 337486260
3 
2 480385122 443472028 869226366 905522115
2 734112722 938966639 504219164 793364440
2 825114825 606061956 568356771 364988341
2 157160836 148279783 612735375 262467120
2 912910312 662195263 458633347 931853946
1 997458319 227725811 571846523 36947383
3 
2 459380633 606587866 817391553 446941412
1 642569687 325814800 238389904 765221733
1 424988139 245042251 700716905 501048341
1 608006785 245949929 923675522 407560245
2 821225633 461814562 711443276 38193236
2 688539520 844929464 569383131 787497839
1 278333842 737499328 26590153 777800262
1 173205716 229882774 669047819 814664395
3 
2 382017045 934961292 756589545 749808928
2 975547790 346407839 600729210 338314783
1 541069801 316139656 837001868 675614486
2 270415769 802432531 286245357 562345819
2 435546856 613495463 152364254 985509754
3 
2 424166537 470518613 174647297 836214524
3 
1 739335838 31149525 97754174 129412463
2 303180324 722250431 488527833 857306750
2 408800646 115377429 121710903 746167791
1 68372451 232032812 96163273 863879781
1 793549230 511567600 541369906 268143957
1 489115891 3379321 961673225 879965253
3 
3 
1 808530661 847540505 706583138 310578610
3 
1 405937334 385572173 556455472 55835219
2 446138204 381138598 205043739 809458445
1 964449474 295741962 259751823 166980964
2 905714060 175223344 778662571 216485979
2 809223776 962412935 779715495 87212272
1 715173370 805203485 963619508 380644576
1 753585615 7227453 415825199 862332255
3 
1 812703488 113283543 489102819 932917511
3 
3 
2 481660138 599180683 878918398 590746767
2 652689961 413705651 748066665 590275977
2 877518661 687687125 552867875 240980710
2 716727153 591308 349934615 743955679
3 
2 139105324 684079392 844134600 296356978
2 830889295 819463918 120548475 981140204
2 628128032 69220113 150994825 149045329
3 
1 712408257 427350234 291822917 167462425
1 432969045 237898926 105044722 607430974
2 128736657 716414684 193131413 314974534
3 
2 528926184 229315202 718044156 459273046
3 
2 883513533 713120633 312244924 599643694
3 
3 
2 194581312 62862557 321387329 987812452
1 550579652 85176241 334729232 737637591
3 
2 313273607 910200912 222466050 570219077
3 
3 
2 185984467 253986131 898003988 237955200
2 473135747 212901142 874083846 143916749
1 129367183 22549564 236507136 134199096
1 502212225 273239725 21776436 127446722
2 973096252 943842319 845394338 144932015
3 
2 819225509 408575706 428426930 411090273
2 982723801 342194330 298897644 608452375
2 285857109 831858778 135046736 989516367
2 3916671 606086947 988380508 925188411
3 
2 826278314 632117543 750289646 446451292
2 469270609 674280539 361813754 479314468
3 
2 8200010 378614662 382578173 425314493
2 450130635 113040218 694506838 4560468
3 
2 871006207 955889957 317344092 402014390
3 
3 
3 
1 365816636 34519891 355223347 234254369
3 
2 73340222 527195143 51240879 64510906
2 905181454 962888184 177290850 370604421
2 750706681 14863243 253875063 180523406
2 619534197 713635183 370352186 103336743
1 780226171 80209216 10260363 647229181
1 913988898 813227849 537635495 577817183
1 908302208 523202627 871608031 131976477
2 196566714 866913112 681367783 568629937
1 397215685 626598566 334640028 387625257
2 331211609 395899439 977532867 146751766
1 989830646 878444520 66974515 359242577
3 
2 301203980 716335881 663826885 760910030
3 
2 815146994 379099592 295208249 80923233
1 167963456 170048481 56432164 618198881
1 943433458 416118452 699174992 3574160
3 
2 683708542 55465238 750049635 355207555
1 250057443 89947322 67148307 688134088
3 
1 546669518 939547160 521861729 606864955
2 896485011 830658679 441574960 199214842
2 938778151 834375502 633193358 502403881
1 561099904 805392551 643177616 602752408
3 
2 920432122 379720760 996004943 220048636
2 855808641 82707835 2765037 930273286
1 352825990 98166364 170091866 785603859
1 407209932 97939076 645029744 869803506
2 115091237 806244819 85855304 414780911
3 
2 926984189 181751692 182048270 670316209
2 523029630 111531099 899196356 153838213
2 579642951 75010312 477759149 609007264
2 482890946 959773563 367707584 752667516
1 36579150 957797162 511829976 857507257
2 939845911 451109352 179360801 800532526
1 734134402 506449259 416758599 720707386
2 972559129 304999433 434351196 46741879
3 
2 165254250 85925980 604388090 705324474
3 
2 873488587 524470817 509889678 459173476
3 
3 
2 736906383 647386832 480085369 52836805
3 
2 46506142 95676027 115431553 880378030
3 
3 
1 294554534 980592757 236066681 172167205
3 
3 
1 35618306 839521936 877617562 202432585
1 502910173 267989173 23929712 607227595
2 603336824 216565988 192124805 576783054
2 347077197 760864727 737588098 570659462
1 890022937 393656451 139201704 156454405
2 813799943 212294258 61012186 285217343
3 
2 758332965 137692751 917631252 751490117
2 723241271 112701478 646861459 240075946
3 
3 
2 75143493 568648569 177376893 466138615
2 827251361 804493649 567717231 353657796
3 
2 920243091 700750897 74107532 538472431
3 
2 545576912 108333448 46474034 755632437
1 885215120 43815424 968179541 64054069
2 146446283 860116286 263746492 733389790
3 
3 
3 
1 235912751 84895496 464912678 444978220
3 
1 628938643 657262367 103716942 118615138
1 714829749 121825772 176941273 736363510
1 279002327 438415348 430360979 352050957
3 
3 
3 
1 696550552 194874527 343613614 530483715
2 112154544 841369449 865753142 714456029
1 677243513 122495692 52970279 768702309
2 475854500 809826226 350371850 651869030
3 
3 
1 723176821 27734681 485178322 748996349
2 633063279 262298562 20350397 931568660
1 558172492 996502948 84083 414938628
1 209298855 459988353 435465825 602197953
3 
3 
2 682740117 11127358 186428617 127124946
3 
3 
2 544733637 615449898 586947381 635348656
1 955908659 984014760 916851927 538276724
3 
3 
2 19495609 448292979 89220024 929703916
3 
3 
1 974081280 319338739 564552520 851451194
3 
1 667592518 975984958 899093320 368244595
1 402 3 
1 114 2 257691356 693343587 133499888 165903868
1 464 2 32476428 924176425 34951165 716647538
1 218 2 89342654 490916525 201863901 851661141
1 35 2 867948193 101211834 612591768 147342859
2 472 482
1 111 1 437928109 831269694 770378970 932787181
1 415 3 
2 376 453
2 128 330
1 173 3 
2 184 226
1 391 2 508594896 969502012 463641542 555831938
1 322 1 485594874 158295578 890780107 435861972
2 136 322
1 195 1 419251295 462669258 43933419 803837859
2 313 415
1 94 3 
1 227 2 982972981 235195296 559185039 37618061
2 378 420
1 241 3 
2 181 433
2 53 434
2 418 466
2 262 347
2 8 441
1 377 2 512149228 929963974 870874306 886513497
2 226 480
1 349 3 
2 469 472
1 432 2 865532053 295336147 83021272 623387248
1 199 2 569170196 354427294 889132774 666423652
2 78 314
2 225 485
1 16 2 453854177 65238695 251842542 379681311
1 119 1 235069370 791581617 451043754 75099568
2 76 364
1 158 1 761140582 80671436 338096609 500323655
1 306 2 216073053 497300848 481344366 736207267
1 318 1 704031752 26760894 946263235 731540257
2 364 452
2 452 490
2 448 498
1 224 3 
2 433 460
1 346 2 953715370 628628536 92607466 878627494
1 108 1 74452500 489440593 368785401 538429365
1 257 3 
2 276 371
1 365 2 926490791 126799940 822813756 385349706
2 98 307
2 23 166
2 20 290
1 149 2 248995776 575618523 359032480 182189444
2 404 497
1 267 1 36047924 820767581 355024833 395903725
2 426 459
2 400 407
1 261 1 502534872 50410053 134959500 873931422
2 56 473
1 246 1 764696117 908601631 111398400 816407910
2 420 494
2 460 462
2 497 498
2 157 479
2 421 463
2 46 431
1 158 2 401103662 750425455 581509508 584569613
2 379 481
1 53 3 
2 211 403
2 273 306
2 380 421
2 37 127
1 124 3 
1 10 3 
2 263 334
1 380 3 
1 223 3 
2 472 476
1 28 1 739586036 587158216 680778347 48806813
1 258 3 
2 101 137
2 34 208
1 163 1 552303806 147500755 52167507 605962173
2 397 452
1 467 2 868522480 14079561 411980557 669943571
1 115 1 473341289 169371382 412091859 393112638
1 461 1 600168343 298650842 755418455 394652121
2 81 293
2 191 414
2 439 483
1 265 2 688792840 606160197 424355765 706496822
1 275 2 739254489 660405588 242985467 693437782
2 235 333
1 404 3 
1 476 2 316797989 14947070 110813732 133524789
2 236 298
1 268 2 996313227 309517390 853380696 875318653
2 44 187
2 139 152
1 376 1 732073844 234389305 896040537 599728242
2 496 497
2 83 348
2 100 392
2 378 438
1 96 3 
2 232 483
1 380 3 
1 358 1 782159700 213781473 285075280 224214503
2 435 463
2 64 445
2 330 488
1 452 3 
1 131 3 
1 7 3 
2 484 500
2 193 484
1 69 3 
2 366 476
2 441 488
2 180 257
2 401 500
2 2 165
2 321 345
1 77 1 421624966 905358969 448308635 553701629
1 133 3 
2 182 485
1 410 2 208657548 66613685 737223708 687456460
2 106 210
1 336 1 719811810 304813979 261802605 274735686
2 446 479
1 245 1 823466737 622583138 417579042 274400498
2 5 387
1 176 2 252273210 823121292 109900670 264624270
2 354 357
1 374 3 
2 301 306
2 122 190
1 348 2 108423782 767824432 948339955 478341805
1 424 1 350123872 426723924 502848982 237796389
1 345 2 398937747 502767895 821099614 843643030
1 444 1 431830537 430347793 482780009 93499757
1 97 2 897684028 505945281 536334941 395593788
1 156 3 
2 218 305
2 257 371
2 488 494
1 333 2 120477723 345708707 384729061 420413264
2 139 211
2 358 392
2 380 454
2 460 460
2 326 395
2 65 352
2 2 227
1 54 2 17927879 20253574 654855006 646741121
1 277 2 423943351 217505665 952890615 650117486
1 163 1 547173345 20539821 617143674 340060062
2 342 457
1 436 2 251220408 660893408 53192832 658730272
2 195 328
1 132 3 
1 184 3 
2 412 494
1 260 3 
1 293 3 
2 230 403
2 481 490
2 185 390
2 210 298
1 286 3 
1 81 1 939327710 331639733 150684213 20449879
1 86 1 197021174 66082685 956338663 418050540
2 199 418
2 492 499
2 298 453
1 70 2 62777825 247887112 472762358 379803160
1 51 3 
2 389 463
1 317 2 440624024 247463372 590308259 288806027
1 401 2 245418265 779284475 82403213 377545943
2 282 356
1 468 1 133323845 503872108 253605895 748477264
2 128 266
1 461 2 226154992 91890295 913143239 282032058
1 471 1 727538317 316953955 488783985 867486120
2 246 383
2 200 288
2 168 431
2 138 235
2 119 191
2 316 398
2 130 429
2 467 485
1 161 3 
2 372 418
2 281 498
1 455 3 
1 122 1 51633239 770151852 59991742 314484211
1 161 1 855016557 653298282 51333404 25792301
1 136 1 550312684 44207300 516446605 938428355
2 125 206
2 45 173
1 82 2 853279 13366932 875179850 235347507
1 14 3 
2 184 423
2 301 457
2 302 465
1 175 2 62622822 788479691 7575941 182758228
2 21 29
2 477 497
2 265 404
2 20 152
1 6 3 
1 350 2 294904209 62783387 785914632 844546621
1 271 1 713912911 743159388 514943164 290659938
1 108 3 
1 317 1 498508977 108425139 438285377 393422029
1 361 1 80739674 134382168 758891439 783035740
1 278 1 970181005 139814305 67367331 871196302
2 160 242
2 400 471
1 491 1 314872389 14637516 755048668 974439107
1 448 3 
2 102 395
1 275 3 
1 266 1 234159002 322060957 422820719 324436310
2 493 493
1 9 3 
2 320 496
1 195 1 355891657 83224105 291131552 283353458
2 54 399
1 408 1 472046461 83384869 291911086 500079514
2 96 214
2 314 358
1 254 3 
2 457 461
1 401 3 
2 200 231
1 418 1 484684158 681170435 196178888 791172471
2 108 401
1 194 2 553324189 117208660 37546122 231177603
1 418 3 
1 47 2 312837012 14799688 779492458 482601766
2 139 273
2 258 379
1 332 2 534074120 851329674 964881464 115502598
2 230 445
1 189 1 869742332 190534949 775116320 98289339
2 116 438
1 387 1 389889717 903866622 137992017 503188326
1 162 1 219557884 732450842 925036890 462645244
1 312 2 836755544 629263099 20289572 907527238
1 388 2 929481515 1529974 296815408 324396429
2 145 365
2 36 307
2 224 289
1 492 1 422967959 651615343 681709395 18646821
1 134 3 
2 122 389
2 231 392
1 214 3 
1 399 3 
2 181 388
2 476 489
1 365 3 
1 39 1 520876349 428559331 136524079 49416404
1 228 3 
1 442 3 
1 466 3 
2 409 411
2 374 458
1 3 1 967821617 339881401 80205587 544809687
1 456 2 23646787 147074414 125998401 236249665
2 160 374
1 44 2 764251129 23134197 675606239 169772831
2 105 333
2 285 449
1 415 3 
1 109 1 220990634 393466835 894946732 394261136
2 26 165
1 329 2 787189270 993902230 388728891 75318664
1 305 3 
2 165 284
1 180 3 
1 91 1 623199224 831611349 70123614 949648802
1 5 2 683427160 619489611 115273222 920489927
2 101 483
1 486 3 
2 356 399
1 428 3 
1 422 1 633442557 194372967 856175436 803224812
1 184 2 125198835 236543152 588525067 31122987
1 108 1 200578832 728342928 955149150 105604526
2 251 486
1 20 2 744121865 660664221 496214217 195099465
2 201 335
2 358 480
2 294 362
2 470 483
1 499 1 236053657 951517190 987932415 188886455
1 373 2 504115764 53764993 686861258 555667441
2 208 235
2 302 371
2 259 397
1 195 1 931873583 401071910 15418378 994094420
2 233 466
2 263 299
1 136 2 924631698 95034241 863245626 169717050
1 316 2 799204591 870588246 373670371 37497216
2 397 455
2 93 176
1 401 2 236358026 975186539 364967069 788232851
1 365 2 209479611 998124644 487880638 71420421
2 400 433
2 7 180
2 39 203
2 319 392
2 481 489
2 438 439
2 294 426
2 319 455
2 276 457
1 331 2 865307775 820863095 14196197 224798162
2 248 294
1 196 1 551928807 287343503 43878972 90098343
1 16 1 941006789 634633075 876056170 82267159
1 30 1 545568620 967214157 666368203 875514870
2 7 57
1 363 1 127871858 861777266 262549941 948554309
1 397 3 
1 145 3 
2 159 396
2 405 491
2 451 476
2 464 472
2 285 448
1 278 3 
1 184 2 913511999 37330437 699775889 716022311
1 263 2 859601269 197790361 310257925 766996713
2 400 416
2 299 448
1 177 3 
1 489 1 817012481 518329249 367771358 29379641
1 477 2 314061725 272953903 863523883 903761309
2 140 457
2 267 295
1 92 2 667074898 664928993 309032517 497161633
2 91 455
1 128 2 474705986 481758097 894987089 74296882
2 469 473
1 41 2 665595857 779597530 101063223 61019125
2 157 431
1 170 2 574870162 313884881 245113582 104439529
2 425 499
1 94 3 
1 334 2 292061303 675941773 717232335 52245535
2 420 461
2 424 494
1 269 3 
2 2 456
2 421 434
1 27 3 
1 433 1 284645539 794598964 773226549 398167906
1 220 2 321563781 656718275 547341639 701573432
1 270 1 302337947 447566427 762962442 837252611
2 167 179
1 59 3 
1 371 1 659091239 978148801 113682423 104729839
2 273 333
1 198 1 69333540 354425753 66340047 785503290
2 415 500
2 303 317
2 369 432
2 299 421
2 267 483
1 5 3 
2 116 471
2 282 378
1 65 1 534174072 585090504 288481115 633264173
1 241 2 470918555 454021550 730793059 979965420
2 80 477
2 158 443
2 52 396
1 23 2 877138952 748368903 376778396 935817076
1 149 1 780860633 652092014 103184304 402401059
1 277 3 
1 171 1 826690555 119956736 179414786 357267914
1 130 1 908969234 199597234 613601378 934233306
2 200 353
2 270 351
2 97 278
1 149 3 
1 22 1 264867641 249188210 865479974 418288747
1 432 2 137346184 386091330 490641370 224647264
2 308 361
2 375 438
1 490 1 967758518 428615802 288739036 673175126
1 85 1 167351521 824026384 289396385 983821534
2 250 260
1 309 3 
1 28 1 860521289 829532185 483596971 737926996
1 469 3 
1 260 3 
1 186 2 99435619 472171167 828728104 5304427
2 291 445
1 32 2 468011916 994263758 22479046 200550404
2 424 439
2 221 337
2 86 339
1 68 2 361194144 802947433 702614837 187336760
2 239 414
2 313 488
1 373 1 897381543 866286474 89988012 952376350
2 244 351
1 250 2 757344738 557435797 501527612 653606563
2 280 470
1 178 1 830576580 856874560 465393138 727027992
2 18 466
1 43 3 
1 280 3 
2 466 474
2 41 310
2 202 465
1 86 1 59796706 131885887 956676472 651399815
2 6 362
2 38 150
1 121 2 70492469 706543846 447091106 567283843
1 253 3 
2 377 448
2 404 434
2 436 451
2 122 183
1 345 3 
1 124 3 
2 438 488
2 243 322
2 303 305
2 163 470
1 493 1 945250326 90554730 738031894 236497386
1 194 2 619443609 139010748 445131067 634056215
1 151 1 831242501 514697432 455609508 651555048
1 142 1 968587841 332906287 961065174 399625978
2 83 247
2 273 343
2 257 477
1 416 3 
2 334 402
2 21 138
1 413 1 610509480 508311148 847862824 679591983
2 446 447
1 270 1 48697584 269024781 48172979 394269288
2 2 337
2 316 317
2 233 243
1 63 3 
2 78 411
2 324 481
2 424 428
2 147 236
2 84 139
2 44 475
2 418 459
2 156 315
1 417 1 226340854 120301201 121929027 914103705
1 92 1 183077381 786715610 624788845 981674592
1 221 2 272082429 896699740 941534828 919449960
2 183 280
2 496 496
1 389 2 687698072 736854104 121079833 524846382
2 215 468
1 82 3 
1 467 2 538593437 848669708 357745136 20635306
2 220 231
1 324 2 132194249 493758805 727423627 184496618
2 164 372
1 50 2 261642755 733864736 67788878 364446496
1 210 1 9867864 845295583 481645436 150732956
2 291 425
1 369 3 
1 18 2 686140665 129967206 921659610 533519459
1 349 2 545626832 594992734 360775553 411490650
1 208 3 
1 309 1 515945154 303582846 248093604 646550461
2 191 441
1 137 2 646487238 392994540 750126115 642362562
1 148 1 149434045 685063986 413687995 451322273
1 186 1 529847080 674428745 59330150 284871856
2 146 431
1 152 1 313849620 4828109 95346744 469925746
2 284 284
2 254 480
1 313 3 
1 388 2 369370562 785051351 570875243 95620459
1 310 3 
1 210 2 582120578 914298008 564233031 926006159
2 57 305
2 198 279
1 24 3 
2 285 304
1 58 2 497540940 20252103 630131909 588238066
2 437 444
1 438 3 
1 453 2 885131967 793746600 330691036 236563616
2 447 478
2 313 321
1 125 3 
2 255 402
2 432 500
2 258 357
1 166 2 442654012 802626476 400150972 769194507
2 76 351
1 107 3 
1 30 3 
1 4 2 584419678 103672922 24669197 150850108
1 10 2 11121971 649586675 945624671 937964557
2 93 157
2 116 403
1 226 2 155017137 475357748 698503796 609440517
1 414 1 541143688 761065325 15422603 511406628
1 220 1 277392358 298709423 943096182 40732367
2 169 285
2 421 450
1 125 3 
2 272 473
2 74 163
2 69 369
2 231 255
2 140 428
1 180 1 344920477 21849333 354382248 333395865
1 248 3 
2 180 209
1 188 3 
2 219 346
1 225 1 317062557 963467292 968078264 157029023
2 337 488
1 493 2 283231567 652291677 162197404 895020985
2 6 423
1 72 2 597843541 232755428 555864069 853543233
2 382 494
1 301 2 760451788 441124479 865569109 565790185
2 83 249
1 20 3 
1 460 1 102441110 796441383 524752330 946311375
1 100 2 385900597 430719839 91954977 3764907
2 193 393
2 214 343
2 221 470
2 69 352
2 11 286
1 392 3 
1 388 1 448592044 820638185 529101121 23753361
1 253 3 
1 63 2 510094831 761451947 70927616 227018027
2 221 469
1 362 1 52178157 340409737 722360305 187696504
1 243 1 689707810 951675458 703565904 141289947
1 373 1 475847407 338268021 881415338 605388760
2 35 358
1 142 2 880296280 327840637 723787151 546377109
2 450 458
2 37 284
2 476 476
2 329 453
2 456 463
2 124 326
1 213 3 
1 97 2 789401347 314467863 304118174 303070558
2 133 161
2 180 457
1 449 2 142976910 331071531 541438294 268301779
1 138 1 716499620 270060258 472916955 478285138
2 220 221
2 144 461
1 277 3 
1 153 2 512326271 407451521 64709318 145889104
2 187 448
1 423 1 950715711 603727957 146536165 223279413
1 378 3 
1 59 3 
1 410 1 302662210 604243021 414633438 512104105
1 478 1 101435218 72039362 935370733 197369138
1 222 1 808754683 317710965 326949173 773337232
1 485 3 
2 29 115
2 174 378
2 355 475
1 413 3 
2 113 314
1 402 3 
2 188 406
2 60 406
2 408 475
1 94 1 913678269 684346680 244583582 784908470
1 162 3 
2 150 203
1 303 3 
2 257 434
1 235 1 191643404 874459822 20494440 55776420
1 299 2 840133646 421209297 160309814 585657420
2 174 258
1 106 1 198046011 312000181 982566600 996840064
2 157 201
2 200 206
1 328 3 
1 335 1 205711753 99755942 118081195 869451904
1 437 2 12563669 58289278 969049681 302009719
1 102 3 
2 370 391
2 209 258
2 323 328
1 88 2 168694222 917721268 116905382 32213210
2 171 321
2 376 413
2 52 488
1 388 3 
2 91 276
2 6 300
2 268 476
2 124 283
1 389 3 
2 233 423
1 36 3 
2 298 414
1 391 3 
2 53 261
2 302 333
1 235 3 
1 375 1 148973580 386724025 386928000 870759038
1 276 1 821799728 723801499 586172732 500724795
2 352 362
2 396 460
2 299 437
2 448 482
1 427 2 546246592 626226973 531727418 266366019
2 420 475
2 235 421
2 359 485
1 474 3 
2 54 62
1 31 2 105295307 524045775 10010938 750110500
1 229 3 
2 195 301
1 357 3 
2 56 348
2 260 286
1 101 2 66004712 442739592 93485889 408546113
1 453 3 
1 491 3 
2 232 247
1 339 3 
1 468 2 767552938 680307591 80847110 144921527
1 363 3 
2 233 475
1 478 3 
2 390 429
2 350 369
2 466 480
1 400 3 
1 28 3 
1 18 2 900887995 466576262 487547097 555701621
2 475 489
2 380 429
2 2 144
1 238 1 268063870 79766625 163323661 849015715
2 492 499
2 220 427
1 304 3 
1 190 1 644949756 523689543 263919442 343437499
1 76 2 480627204 217176908 720683363 717512861
1 452 1 761114442 639580809 482110488 375171685
2 375 419
1 297 1 12196805 536208184 412672536 564372036
1 221 1 66371092 510383465 168316997 667805480
1 236 3 
2 41 233
1 475 3 
1 365 2 771141290 860197539 832472523 862080010
1 91 3 
1 54 3 
2 278 332
2 295 411
1 414 1 606383658 883341851 772038046 547243948
1 127 1 31829402 787028678 240964920 95598352
2 143 161
1 419 1 549198250 490272944 122616269 376571257
2 403 444
1 343 2 586887703 781579804 206643283 924946336
1 459 1 480605401 848978240 895929012 872811214
1 214 1 377550079 22347022 129106683 140644571
2 155 412
2 138 178
2 347 493
1 446 3 
1 270 2 966885181 430480218 208617183 537438424
2 169 357
1 21 3 
1 316 1 173048939 740659735 454703780 662721294
1 436 2 980831523 105034490 636812963 7967434
2 492 495
2 381 426
2 218 234
1 430 2 305278150 471434367 331988033 912701879
2 189 468
2 293 453
1 313 1 237187186 29488071 90984207 163210385
1 415 2 314999769 8029529 214521509 987197744
2 487 497
2 64 383
2 378 424
1 485 2 686477111 340408540 702242326 368995324
2 320 499
1 376 2 886565480 467586334 82606812 301360182
1 422 1 495584867 355032250 520561244 224450030
1 451 2 869469742 902326466 22393889 119907212
1 285 3 
1 11 3 
2 256 273
2 245 251
1 458 1 340407495 332332857 64356693 15873471
1 231 1 62539241 532973118 877248743 647493806
2 454 471
2 139 413
2 416 439
1 448 1 308290841 916714983 182791350 475711100
2 106 465
1 165 1 275889438 456590593 959025820 483941652
2 450 485
1 130 3 
2 437 477
1 137 1 392743825 831326404 574264646 874395704
2 125 188
1 420 1 674901306 57626488 13259019 655272339
2 393 413
1 121 2 385229922 47098290 862430948 712916293
1 454 3 
2 370 442
2 356 430
2 208 454
1 367 2 502269373 34130595 808473783 889836312
1 489 3 
2 110 284
2 465 489
2 403 493
1 312 1 82043081 565907147 348693220 356422031
1 224 1 577712314 40400171 400841545 287646176
2 198 302
1 355 1 55398697 780934342 95781684 540618245
1 490 1 836388247 898553361 84439483 836939408
2 226 305
1 277 1 546445426 671307070 928083446 327855621
1 389 1 770196384 11547926 15570912 856552344
2 16 352
2 147 442
1 469 1 215632661 334976585 599932168 624224911
1 232 1 676907546 767354323 286562073 793531197
2 368 496
1 30 2 326939425 810853809 88744001 168529436
1 41 1 536168218 537857114 7600422 241864241
2 321 385
1 210 2 845792834 47657192 315371767 815993327
1 104 2 585173343 682511835 469359078 810588515
1 296 1 730966607 751058656 486300480 281753032
1 338 3 
2 61 126
2 417 495
2 469 479
1 154 1 650692941 211284510 471397939 717986990
2 271 381
2 286 422
1 223 2 2685518 592041806 156652538 396601098
2 205 398
1 252 3 
1 265 3 
1 125 1 72555082 216249045 955368591 144680318
1 120 2 16619576 706037089 519960795 73228782
2 475 480
1 196 2 32978409 771036504 894196730 673879404
1 15 2 172339060 897732124 114699187 13613211
1 414 2 883965063 508943895 392677264 509528817
1 363 3 
2 91 460
2 335 414
1 208 1 660964128 243539519 417210805 880238334
1 385 2 447676242 461139500 455440631 162074169
2 163 344
1 42 3 
2 85 272
2 201 314
2 437 446
2 498 500
1 129 1 392688156 46692462 484130693 321364922
1 181 2 142071654 945712608 268438069 924722630
1 287 2 939281994 360184061 8107275 522954178
1 490 1 987978863 969537991 271447455 165216817
1 96 3 
1 82 1 607953128 493376024 90576102 300337958
1 413 2 125239896 372958012 949781385 83891345
1 470 3 
1 127 1 170871137 645563520 898695996 132871068
2 90 462
2 45 405
1 189 2 70812580 793437776 785843869 653477233
2 15 75
2 471 486
2 83 91
1 249 1 207008691 271561497 731330204 419582494
2 275 471
1 487 2 882328422 122312879 570707174 215261563
2 137 345
1 363 3 
1 299 2 864411465 788966454 798262660 71939458
1 123 2 209357576 96321693 28370567 435096089
2 202 293
1 492 3 
1 386 1 294725209 552404541 691314606 39808419
1 474 2 765488743 347120578 693076054 577938250
2 58 186
1 93 2 358461699 974145258 44026478 220396825
2 168 483
2 370 466
1 79 1 671556452 27586286 138587204 565971140
2 484 490
1 341 1 149841095 530205028 449361053 860470566
2 229 393
1 107 2 35422026 485020763 47034670 791413961
1 163 2 330424286 400609814 42012354 133211182
1 131 1 425155834 916008469 44073140 6400706
2 68 283
2 35 282
2 146 266
1 31 2 5429980 270467546 674404217 645332407
2 444 463
2 498 500
2 444 447
2 54 347
2 122 486
2 111 118
2 465 498
2 7 492
1 310 2 768184457 204483035 772534045 293564553
1 41 1 68313428 942969912 418342278 569552222
2 205 272
2 201 387
1 132 3 
2 280 348
2 359 382
2 391 433
1 344 3 
2 415 469
1 72 2 901295727 876877045 842816461 414124415
1 13 3 
2 211 303
1 280 1 582628126 57829516 481173828 814351888
2 210 304
2 154 455
1 48 1 444324153 158505712 127534951 643587905
2 242 394
2 349 460
1 495 1 889582860 790323760 139179426 134374213
1 355 1 536879937 965406972 357780966 622830116
1 432 1 138696309 50864015 525354753 535167714
1 68 3 
1 393 3 
2 127 251
1 451 2 488186807 771240569 28949891 231269462
2 467 470
2 285 493
2 162 307
2 107 367
1 342 1 105032457 401293119 637906313 54792414
1 315 1 225040242 532644927 453203040 211343525
1 65 1 757763938 363586116 202631544 71642020
1 289 3 
1 62 2 743136288 479047618 789469277 659274233
1 340 2 20386797 746450320 343408620 583223711
2 8 317
2 436 490
2 406 484
1 253 2 874475735 287944231 401140586 20416616
2 12 57
2 241 417
1 253 2 207231384 868634748 902723484 453975687
2 244 301
1 275 2 946580062 612245058 410292676 571361169
1 93 1 576021110 682861248 50487369 838867585
1 124 2 132524561 752100942 824132106 271128546
2 411 452
2 147 174
1 292 3 
2 40 241
1 459 2 31601907 704790140 39081069 259228068
1 391 1 261170802 393440900 811403341 88895538
1 247 1 336808773 330500473 531845429 899186389
1 126 1 19182371 829259714 199144168 238265197
2 494 495
1 429 2 483821501 216635412 209694679 317805226
2 63 171
1 17 1 908996063 650512237 672266536 75310545
1 452 3 
2 174 384
2 374 454
1 51 2 197216049 44623869 873919634 529733665
1 468 3 
2 24 243
1 253 1 893778914 94096833 937508039 610093434
1 87 2 128940715 849294549 918922728 982490779
1 11 2 863121907 237855464 171472028 359666476
1 280 1 851019069 39510523 480913138 727902352
1 253 1 81152973 839598733 20861094 572572397
1 172 3 
2 53 223
1 461 1 908101023 639960486 420890886 101987784
1 408 1 260568149 3825811 429593434 336824024
1 188 3 
2 133 463
1 158 3 
1 397 2 466596578 828998109 97316227 360527469
1 199 2 889413751 892485584 184282147 910971809
1 402 1 229432375 539887120 764417265 315552148
2 155 238
1 327 2 372544900 449058942 279209496 422230577
2 102 241
2 265 404
2 280 453
2 340 476
2 141 201
2 403 419
2 233 455
2 385 492
1 15 2 639612793 21421223 599832772 102915633
1 259 3 
1 420 2 5221422 263307394 592813785 447752922
1 163 1 600363731 638160171 26416526 804028060
1 357 1 696453102 704516024 725225104 93488710
2 344 500
2 362 485
1 83 3 
2 362 427
1 295 1 164594878 739523364 884420419 721416893
1 163 2 733458389 679010143 395373243 723691283
1 218 2 901514220 254121602 29137085 433062233
2 321 461
1 496 2 50758741 551152128 118601432 821789362
2 313 437
2 353 426
2 487 495
1 231 3 
2 349 376
2 424 433
2 206 323
1 427 3 
2 16 244
1 403 2 60753155 578996774 153482921 459593200
1 117 2 743623040 69953894 244648409 523865352
2 425 460
2 397 459
1 260 1 227824029 75112802 849718072 797729708
1 305 2 18775358 28340738 135111299 925387414
1 376 3 
2 409 500
2 485 495
2 396 435
1 424 1 227045118 19852448 355581265 159677408
2 341 499
1 12 2 832800983 938300642 48225820 133128681
1 126 1 222146009 283150424 437760570 515271522
1 466 1 584418412 82395260 42528659 19463516
2 208 482
1 48 1 248179364 737328274 297413575 638615316
1 423 2 4397516 450060428 82310463 966180340
2 233 380
1 391 2 621227759 60448740 755905516 141746701
2 359 467
2 321 437
1 469 3 
2 241 317
2 25 238
2 318 384
1 199 3 
2 47 200
2 189 419
1 175 2 38200669 293379584 560560930 689137275
1 164 1 617196742 879627784 626739740 207521645
2 220 476
2 100 238
1 377 2 720382776 111509387 89735786 211288122
2 54 417
2 326 489
2 164 393
1 249 2 553357910 885308720 618706271 832824077
1 494 2 108825162 73122798 169672916 186762150
2 50 256
1 211 2 312040760 313987346 818003543 146234048
2 130 193
2 367 377
2 388 403
1 92 3 
1 460 1 123377183 280350973 632027847 241013327
