32 100
x1 x2 + x3 x4 + * x5 x6 + x7 x8 + * * x9 x10 + x11 x12 + * x13 x14 + x15 x16 + * * * x17 x18 + x19 x20 + * x21 x22 + x23 x24 + * * x25 x26 + x27 x28 + * x29 x30 + x31 x32 + * * * * 
1 -9959 8467 -3666 -3501 9169 5724 1478 -643 -3039 -5537 -4295 -1856 -6720 6827 -39 -9509 -7005 1942 -5173 -4564 2390 4604 -6098 -9847 -9708 2382 7421 8716 9718 9895 -4553 -8275
2 4771 1538 -8131 9912 -4334 -3702 7035 -106 -1298 -6190 1321 332 7673 -5336 5141 -2289 -1748 -3132 -4454 -2357 2661 2756 -9964 2859 -1277 -259 -2472 -9222 2316 -6965 -7811 -8158
3 -9712 105 -960 -1058 9264 -7353 -2555 -6196 5890 -3271 -5631 5350 5006 1100 -5608 -6452 9629 2623 -5917 9954 8756 1840 -5034 -2624 3931 -3693 6944 2438 -5375 1323 -4463 -8463
4 6118 -7918 -7072 6541 -5167 1114 -5361 -343 -7297 -70 3977 -7694 1672 -7615 -4979 -1256 -3077 9072 -3730 -4171 -3224 5573 -4903 6512 -6015 3290 -839 8636 -7646 -5234 -6346 5574
5 -5969 2052 -2651 -8850 6941 -8277 3966 -6570 1106 190 8007 1337 5457 2287 -2248 383 4945 -1091 2208 -242 -5780 8588 -3578 -5055 -2495 3030 6413 -833 -9100 2590 8762 -8345
6 7410 -3641 -2377 -9464 -8453 -3517 -2406 -5959 -6398 -5651 291 835 -626 1020 -5404 -5980 -2653 -6802 9668 -5517 -1719 -5266 -9947 -8001 -3583 -2063 -3100 -6212 8127 -9533 -6272 4893
7 -5353 -7518 7807 -7579 4310 -3383 -7188 -486 4309 -2384 8935 7451 -9401 -4751 6519 1555 -7203 302 -3776 1008 -4156 2608 4989 2701 -6805 -9516 -6907 4343 522 -8413 -687 -497
8 -2552 -4801 3458 -3382 -9421 9796 4798 5281 9589 -9203 -1992 -2844 -9529 -6379 8538 2292 -3962 -5822 8190 -344 -2042 -3809 9815 -7113 9156 1511 6202 -7366 -5729 -9946 -9673 -7355
9 -3639 -5114 8875 -1568 -132 -9859 -6157 -8584 -8120 1997 322 8651 21 -4301 -6443 -1525 -2109 -5612 -4925 712 -7400 -7490 -8998 -3132 7861 4688 3401 -211 5255 6423 -4998 585
10 -5819 285 -2913 1425 -1384 -6244 -168 931 -5831 -7846 -4280 7189 9976 1328 -7632 -1309 -8576 555 -6566 6549 -2559 -488 144 8060 -8283 -6247 6139 2423 6279 -4005 6687 2529
11 -7452 7437 9866 2949 -9807 -6806 -6703 -9585 -1715 6105 -5513 6282 2455 -4267 8114 1701 1315 -9330 -4214 2263 -5687 -5646 1184 -9948 -9088 808 -8168 -9056 -5687 -2245 -1680 9558
12 -6355 -2019 -9519 -5856 -6805 -9779 -2871 -7839 -4465 -9551 1173 466 2044 -8342 -3709 -3562 7253 -9977 -3847 -491 -5255 -9352 3186 -1687 -5526 -1979 -7832 4018 8787 -95 7958 -2609
13 202 -6375 -3524 -5586 -686 -4177 -667 -4127 -5629 -9842 1833 -1931 -2513 -1704 -2482 -1823 7773 2269 -8237 -7332 7192 3985 -6898 -1520 -788 -2373 -5198 -5901 526 -7375 -8457 -8076
14 1023 -29 3061 4181 1002 -2569 7505 -2408 -7276 3031 -1508 -9858 7222 1285 3064 -2100 9187 -1640 -7588 973 4270 -831 -9765 832 9711 -4241 8896 -5333 -2715 2550 -9860 3694
15 -7305 -8377 -1982 -7875 -3425 -8307 -7343 -3699 7371 -7535 -5322 -7408 -6150 -4517 -8982 -1537 -8882 -6849 -7200 8087 1059 -8074 -990 -5243 2169 -9686 -424 226 2043 -7243 -2836 -4891
16 -2118 7086 -436 -6513 -424 4474 -7375 -4374 -4371 1927 -4578 -1481 -3098 4962 -9877 -5405 -6263 3261 195 2524 -8736 -1740 -3798 -1884 -4970 -9675 -990 770 -3589 -4454 -8848 -8481
17 -211 4924 187 -8238 -5060 -9150 8662 3829 899 7713 8958 7578 -1635 3007 1477 -8800 -3943 -3561 -7697 2760 9357 -7676 -3523 -4892 -8888 4887 9801 -7151 4460 -7573 2993 -2617
18 9405 -3460 1110 -1297 2835 2355 -3928 -651 8823 4485 -9445 -6785 -8374 -643 -1474 3357 -664 -6730 -6132 -640 2896 3022 -384 112 2717 8696 1585 -5960 -5578 -5872 -5772 -5435
19 -3441 -1068 -7705 -146 2053 6962 -6416 -267 -3346 6972 -8544 4369 -7469 -7037 -7393 -7517 -9089 1635 67 -7153 -5325 2938 -7777 -7859 -6247 -3489 -7260 -9826 -8542 7825 -6779 7870
20 -8374 1933 5205 1782 -6151 7398 -7722 -7300 2193 2734 -8363 -3467 -4444 -8007 176 -4296 -3038 548 5881 -9700 4413 6641 9855 -5146 3142 1462 -2390 876 -9577 2677 -8248 8443
21 -1705 2673 40 -687 -9125 -9929 2818 -9390 -8983 4932 -1889 694 3169 -6170 -9961 -3513 -1316 9090 9497 -7411 -4011 5145 9353 9314 8651 -3261 -7957 1258 -9665 -1241 1192 -2395
22 -4737 2181 -1498 -6171 -6226 -9393 -709 -4003 7549 -445 -4440 1626 -3533 -460 -3872 1239 -2188 -827 -9400 -3923 -9786 -1317 -1787 -6009 -4177 -4399 -6609 5759 -7330 -3573 -1974 -5916
23 75 8786 5498 -5031 -3713 -6154 2603 -9497 -8780 -7338 -4294 -7637 -990 -7830 -2512 8240 2164 -4459 -2381 -9088 -2409 -3296 1817 -768 -9250 -4796 -5025 -8461 -9697 1422 -8903 1247
24 3584 3648 -7029 7864 -7088 1075 -8456 -1289 7546 8678 -8231 5262 -1481 3985 -1712 5944 -7135 8540 -6756 -4493 -1683 -2131 -399 -1678 -8869 -5529 -2849 -4914 -1431 -238 -100 7103
25 4423 -6473 1600 -3032 4015 -4435 -9972 -8458 -4654 -7912 -7057 2637 -7592 -3538 -4951 -5319 -8412 1342 -9392 2059 -8780 -8242 -47 -9113 4146 -9310 -2051 2843 -8571 -4381 -9252 -2934
26 -5464 -9218 8035 2225 5185 -2962 -147 -4372 1224 5748 9923 -6641 2256 -5235 -5056 4955 -6683 2725 -4590 -8976 -9646 1000 -7452 -504 8584 -485 7964 -6659 -1925 7913 6142 1195
27 -8053 -4929 -9575 4606 -3828 -5572 2403 -3295 -9375 -189 9375 92 6565 6036 4736 -860 813 -4006 -1744 -3348 -6065 837 -9519 -8645 -8986 -8869 8230 7841 4625 -7989 2636 -5814
28 9690 -8350 -4338 -8367 893 353 -8585 3452 4008 -2738 -7768 -4546 6303 6634 -3698 4256 -9852 1124 2317 -5787 -2892 -5973 -801 -8921 -8683 6858 -5951 -5846 1360 5264 1903 -6324
29 -358 -3092 4902 -6439 -1512 -5053 -8718 3653 673 -7780 -4598 -3077 -6169 9369 -6122 -9742 9008 -7382 -6030 2 -8056 -219 -3497 2392 2684 -4688 -3302 -4411 2722 -4062 9037 -3590
30 1460 -3766 2508 -39 -6041 -3507 -8485 -4732 -5064 -1132 -9942 4700 3971 -3737 5117 6215 -5446 -2185 8330 -6961 211 -713 -1919 -8046 6085 -9291 -5517 -5227 -1620 -186 -4050 -3459
31 8115 -8321 7110 -4103 -6928 -9212 -6024 8132 -45 -1312 -3888 8 2941 5790 -8277 -8638 -9972 -4817 -5223 -2800 -4929 -8115 -8027 -8929 1333 -7134 -3848 4295 2167 -9176 -324 5629
32 -1351 -7402 -6691 -5307 -5314 79 116 2249 -3334 -8472 -3322 -2136 -580 -1595 -1174 -3184 -2484 -2275 -1335 -914 -2320 9964 -8660 -4314 -3979 1662 4721 -3936 -692 -9586 7902 -128
1 7124 -6060 2744 1761 -1578 -2470 -5194 2268 -682 -4398 1906 -5694 -6520 -8988 -8865 -3371 -5887 -3192 -5916 -6445 2290 -8708 -5 -849 -8946 -4656 4708 -9752 -2509 3712 -4869 113
2 6439 -2042 -5279 -297 -3005 -8948 -4732 -2521 8238 -3578 -2083 866 7659 2497 -1515 -8805 -2538 -3368 2158 2022 -8854 8392 3037 -6075 647 -543 -3398 806 -5902 -2171 -709 4600
3 -2722 -9202 8352 -9553 3882 -9460 -1686 -5425 -1238 -433 -7665 8397 1417 9897 -4173 3851 -3185 -5771 -5551 6925 -9342 -9771 -5481 940 -441 5147 -4839 -8345 -9326 -9208 -7640 1753
4 6398 -6855 -1286 -3055 -8813 9569 -1362 -2338 5075 -5486 1521 -9525 5615 -9473 3234 2570 -9095 -536 9557 -1039 4161 523 2549 7469 -9670 1922 -1651 4333 -7076 910 9737 6336
5 8337 -8722 2393 -2364 713 -1837 1590 9949 9135 -7495 3337 4 6337 -7377 -1337 -30 -4393 567 9281 -2915 -848 8373 -1349 -1806 -124 -6175 -1605 -2428 -3751 4640 -827 8819
6 -9057 2610 -8059 -9712 -1581 -4435 -6195 -2415 6216 1449 -8385 -7391 1064 -834 6893 6074 3509 299 9695 -427 5589 3161 1171 7968 -2643 -3970 -3733 9426 -1491 422 773 -1221
7 909 -6449 -5818 -4610 5495 -4236 -9126 -8636 4902 -1746 -5540 -9526 -3028 -3180 -3879 -4454 -8424 -211 -4396 194 -2407 -2050 6343 -9246 -7519 -8988 1672 -6562 3428 -4088 -238 -4033
8 -5593 -5585 -8092 7223 1759 -3567 -4796 -515 -5681 -9042 -4055 -3195 -1834 8700 1367 7692 -8214 -1469 555 973 -6553 -4979 8283 -3779 -670 -7624 -1418 -3053 2723 7982 -7983 4776
9 -780 1110 2181 -6145 9490 -1075 -5676 -3514 9677 5969 1643 -2466 5677 -7333 1067 -8010 2195 -2217 6828 -2273 -575 5871 697 7612 8703 1027 1408 -4455 -492 -2815 237 -5764
10 -3558 -8688 -7500 -1150 -4873 -7889 -6351 -1852 1192 -8546 5869 -9319 -2536 -9734 7713 9793 8634 -4529 -9029 -7171 -5100 -1559 -4823 3877 -4231 -9298 4364 -8619 6590 -1177 -7763 -1977
11 2178 6595 -9832 -7673 2042 1309 -1819 1058 -2074 -513 -8330 2527 -4349 -7742 -2787 -140 -4218 -8715 -7258 -1390 -5528 -2872 8434 -4159 -9283 -6497 4867 -5136 938 -8119 -743 -7251
12 -1387 8598 -1543 -7339 -3938 2755 -9194 -9723 9489 9435 -3635 2074 -2414 -8614 -2167 -1640 3330 -3953 -1072 -509 2433 -6161 -3234 -8265 9810 1599 1837 -8109 1981 -2672 -649 1369
13 1243 -8207 -3392 -748 1647 7432 -465 -2792 -6736 -6503 -6758 -2352 -7986 -3160 -9811 6100 9812 647 -477 9851 -5527 -1368 -110 -2801 9854 -10 -4304 -5081 7780 -7423 2931 2543
14 -6660 3487 -9101 -7476 -1517 -4462 -2508 -3807 -1749 -4990 -8440 5834 -8160 1496 -7215 8529 1539 8805 -1210 3392 3210 3549 -8423 -3022 970 -723 -9927 -9808 -8380 -8504 3826 1275
15 9790 -3418 3578 1159 -9583 -3512 -9841 -6551 2924 -928 380 -2993 -2034 208 -3523 8503 5370 2606 4196 2074 3722 2611 9019 -1240 1056 2890 1162 6683 3716 9932 -4549 -7259
16 -5046 -3187 -7138 396 5460 -9386 904 -7401 -9865 -5320 -802 -2969 4387 2583 -2760 -6483 7006 -1330 -9759 8882 -4752 -6477 1757 2105 -380 7095 -2704 -84 5678 178 3579 -4943
17 -2424 2750 4007 -6272 -5920 -7005 -7322 -5325 -2248 -9102 1784 5565 -6907 3608 -3828 1243 -72 -2486 168 -4945 1191 -4027 -1078 -3252 -4349 986 -7856 6446 1576 -3484 4629 -85
18 -4126 5791 5469 -7089 -1854 692 -909 -185 -3052 -3144 -9361 -3949 -9764 -1449 -513 1225 -1839 6955 -6818 -1606 179 6097 -6935 -2936 -7487 -739 2578 -8923 6878 4140 -5389 1946
19 -7555 -9830 -26 3489 -5251 -3851 -6667 3865 -7787 7282 -2994 -2569 -1104 6367 -1479 -5118 1809 7641 -2769 -7813 -3295 -3521 -3679 -3462 1350 9447 -5793 -354 -7725 -4242 188 421
20 -2335 -1514 -6545 -7972 -387 -5140 -748 1777 1347 2503 861 -7570 -919 2455 4197 -7895 -1248 5821 7296 -3720 -3980 -5546 5947 -2877 8318 -865 1376 -8226 -142 -5003 2074 -747
21 -3078 635 -8357 -1113 -1847 3232 -5253 -1321 9926 -4323 -3550 4801 -5040 4199 -9146 -3638 -4284 573 1560 -6756 -3527 -1727 -8450 -5648 -8819 -5713 -7301 8110 8643 7465 -2828 -7471
22 -19 -7888 3476 -5619 -1753 -3111 6671 -1195 2371 31 -6011 -680 -6836 5431 -342 1293 7206 -3423 6948 -7794 -2830 8166 -6604 6697 1019 -6307 5529 4788 108 7984 1969 -1023
23 -8384 -5985 6626 -6316 -832 7906 -4073 2097 -1883 -5611 5199 1785 4486 9199 2420 -9291 8271 5813 -2586 -3915 -9682 -6420 -8669 -2733 -1613 3444 -6815 4507 -5640 7827 -1927 -3570
24 -2848 270 268 -5307 9885 -9663 1310 7604 2677 -9594 -2232 -979 9413 -5000 -9458 7537 37 -8613 -2645 3289 1646 -6819 3093 6584 987 761 -9508 -1783 -499 7482 -554 5665
25 753 -7897 5084 9095 3525 220 -6036 -8220 -5128 -1894 -6344 -6657 -7408 -2921 6080 4868 -8590 3713 -9033 -6749 -2785 2079 -1233 7040 1530 2933 -6222 -9338 2259 -3348 -2065 -7905
26 -5636 1874 -2280 -3166 -4321 -1024 8455 -4275 -5929 -5193 3559 -844 -4398 7832 -2095 440 -2625 -8439 -7116 -8039 -8921 -8164 797 1201 508 80 -4660 2076 -942 1492 -2260 -1454
27 -9527 -5228 9097 -1120 -6666 1072 -6601 -9293 -7046 -9335 -5859 -6413 2481 7168 -1686 9396 6225 -8991 -7989 8136 1455 8762 -4958 -9258 -9979 7922 -5489 -752 -3983 -2633 -6284 -286
28 7650 3290 -6665 2759 -6831 -8106 -4697 -7361 -8022 -5802 -896 -5210 8661 -1319 -6348 -1247 -5968 2028 5987 -2958 -3748 -9918 1420 5814 2717 2244 1062 -2771 -9349 8864 -5231 469
29 5005 -8954 -8406 -8514 -5675 -6724 -8678 -3460 -2321 -6011 2587 -5291 -730 7945 -780 -1531 -9818 -6412 -6046 -5022 -5222 -4994 3262 -9866 -6514 -2805 -968 -7912 2935 9779 5993 4790
30 -5039 8965 1001 9105 1807 -5434 -7331 -6866 2670 -8543 2998 -6455 3597 4218 -1162 4844 -2628 -1437 -8973 -737 -1200 4723 3490 -2396 1600 -5774 1197 -6309 9771 -9638 -700 -7638
31 -2279 -6435 7421 -6556 8610 -9505 6741 5022 1811 -850 -6986 -1945 -6607 -1262 5279 9882 -8392 2654 -6178 2706 -5756 -8662 -9856 -7711 1338 -6847 -5397 -5377 -7776 -9923 -8277 1980
32 -7670 -268 -1778 -9407 -871 8846 -5013 -556 8805 -1384 -4250 -9512 -2663 -8038 -1866 4697 2208 -8371 -6777 -8092 -3264 -5527 1919 -2629 293 -6145 -3266 -439 1055 -2395 -1816 -2925
1 -1619 4119 -3259 431 -5317 2779 2279 8283 -9334 835 -5876 -5883 2737 8028 2118 -9424 737 4091 -9445 -7206 6060 -8100 -1207 -6568 -7864 -5420 4875 -4093 -8817 -1927 -1281 -3211
2 -9525 40 -6649 -1671 6290 -7027 -6929 -6409 2189 5787 1489 -6761 4893 -6947 7063 681 -4098 -2996 -5825 8479 -8305 -3861 2467 3998 -8918 -6362 -486 -2380 -8 5826 5722 -6163
3 -5173 2581 -5602 -1022 1891 -8977 -3058 -5167 4243 -2651 -7298 -1293 -9499 -4860 687 -1654 5891 -5364 8413 1400 -7185 1689 3162 -1065 -875 9410 9877 1382 -3741 -2812 -3296 3874
4 -7337 -9279 2194 -7435 6360 -3962 8588 -2189 -1756 -533 2424 -3134 3189 542 3063 -8454 501 -384 -901 -4978 7226 1202 47 -8950 -8430 -1364 -542 -4034 -1544 -595 1531 -39
5 -3182 -2025 556 -2469 1494 -1956 590 -3198 -6612 8915 -2550 2319 -3728 -4210 -618 133 -8225 -5359 -6432 8300 7954 2078 -6415 -7743 -4668 -9107 490 103 -5250 7233 722 -5730
6 9611 8990 337 -8360 -6743 9047 -7648 -342 -9521 -4699 2682 8990 2 5568 -5578 6895 -3865 8008 2361 6742 -7807 -6302 -6813 -9823 -5958 1356 -6060 -8153 -2531 6345 -5620 1912
7 4964 -4291 -9940 -4616 -9928 -2497 -538 2702 -1899 1069 -4846 -6471 1551 2073 9149 -6270 -7756 844 3049 4118 -5936 -3638 9552 -1228 8470 -270 -3253 -2489 -4131 4398 498 -2897
8 -2649 -4322 -1948 3043 4522 1087 -8437 -4167 -150 7022 -2760 -8090 -508 -4349 -1421 5477 -2385 -125 9178 -4780 4615 -7653 -3203 2178 1634 6857 -7117 -8338 8902 -1739 9420 9770
9 9022 -727 -4160 2686 -1113 -6083 1716 -8108 3698 1267 1749 -9935 389 -3068 -4382 6081 -7997 -871 3028 8631 4589 -6849 8630 9172 9864 -3593 2295 -4573 -320 8490 -3391 -3824
10 1070 -4765 -3541 -9358 6840 -2368 -2964 -6108 -7371 -9727 2993 -1219 2202 7461 -1710 9662 -7694 -9004 1150 8423 -1110 6717 -3360 -1298 -4434 -5117 -6340 -7342 8245 -9615 2650 2764
11 9601 6840 7209 -8503 -2718 -751 8058 -1579 -9825 580 -3214 -6729 -5713 -2002 2504 -5022 -7862 700 -9470 -7539 2118 -9795 -2460 8828 -5542 1622 4398 -6240 -2903 2935 481 613
12 9567 8493 -1405 9161 -2254 538 -2330 -9463 -8525 -8446 -5084 6371 6760 -4248 3758 5433 2254 -936 -9274 -7599 -6966 2759 393 547 -2728 8792 6193 2933 136 7103 -6310 -1790
13 3694 -5333 2626 -2502 -9011 5248 -6121 1647 1149 930 -9331 874 -4403 -4552 -4565 -5402 -9878 -8557 -8269 8154 -7140 -5566 -615 -6034 816 1393 6704 -135 952 307 -1778 8684
14 791 -7334 48 2468 3930 810 9814 6090 -4573 -6258 -8396 599 6474 -2805 -9494 -4842 7589 -142 -2192 7889 1447 -9960 -6182 -636 7975 -9974 -4912 -7497 65 -3589 -3160 2570
15 4676 -4606 -1360 -15 7651 -8892 -1813 -9918 -8916 -6611 1249 8686 -5245 1381 -1873 -4499 -5724 861 -3577 -6435 -6128 -9168 884 4428 -3354 -9112 -3522 883 -5076 -8736 1259 -4955
16 -9223 -4179 3855 -7480 2927 -5228 -4867 -2750 -7326 3336 6334 -9000 -7263 -690 -4026 -2410 -9645 -8929 2079 935 2144 7282 -8175 8718 3573 -5288 3037 -5002 -95 -2838 -8283 -1308
17 9539 -1954 946 9103 230 -5886 -9161 -4143 -9172 -7355 -6606 7199 9645 4272 -9325 -8139 2071 3773 -7520 1238 -3104 -6458 -393 9203 -6724 -3875 -9867 -8599 -922 8382 -9832 -9265
18 -2523 7939 -8863 8721 1425 663 -8323 -8426 -3276 -4020 -2301 -2039 -1139 6002 8448 -4906 -9316 -5985 5137 -493 3993 -8717 -7056 258 -9179 -2942 -5358 7668 677 -9881 -144 -6960
19 -1109 -4737 -8377 -3085 -1928 7929 -9159 -5285 7615 2536 4957 -2242 -9300 3452 -4907 -5760 1829 2448 -4773 1798 6224 324 2274 8133 -7116 5038 2170 -3138 2628 -4916 1909 4878
20 -3077 -2916 -601 -6977 4193 -6896 -588 5765 -4233 5407 677 3784 -9296 4790 -166 891 -9379 8085 -2267 -4811 -9459 7998 -7915 2017 5621 423 -7404 -8625 -5747 -332 8108 2927
21 2493 -3933 -3634 -898 -7562 2600 819 4318 -7710 4984 6339 -7444 -4193 -5368 -8523 -3187 3787 -2761 -1927 -4981 827 -7446 -8012 -2559 6798 3642 9002 6321 103 3946 -2944 8509
22 -168 7708 9761 -3467 -9315 4804 -3616 142 8842 7260 -7840 1619 -5657 -422 -8813 -9887 3063 -5409 -4066 -9586 -9344 -240 -4989 -1590 1959 6251 8738 3370 -3877 -4493 -1993 7584
23 951 -6900 4489 -5043 5441 -8210 7013 411 4855 -8941 -2907 -1528 -4599 2675 3543 -2627 -3734 -2350 5275 -8473 -9468 761 -4531 2502 2728 7107 -2109 -7549 7953 -1609 -7431 3519
24 9472 -6594 -7507 -495 -1561 -9618 4262 -8592 -1394 8038 -5640 -4529 1171 -9347 -54 1514 4523 -8772 -9511 -3234 7887 -245 -3369 -2530 -4262 -9335 -1478 -2717 -1840 7553 -5296 -2910
25 -8741 -4615 1686 -5371 -9958 -1684 -7956 2356 3388 -4549 -6846 465 1833 -2241 -3082 -4370 -3262 -8734 -4225 -8903 -5687 6320 3053 -5994 6469 -5785 -278 9842 -994 5463 -3741 946
26 3793 -1371 8717 -6958 1375 -4687 6626 7117 -8666 -9381 4171 -3209 -1036 9154 8866 4693 663 -6226 3000 2212 -8901 -2449 -4525 -3621 943 7877 -6211 -9639 1385 -1728 1434 5144
27 -440 -4438 4504 2946 -6113 -9693 2157 -8570 -4877 -3536 -5926 -5654 3837 -8019 -4683 -3390 6292 7591 -6168 -2878 -3539 6991 1460 -2671 -1503 7369 7291 -1600 4179 -5884 -7683 9914
28 -8405 -8559 -4064 -8134 -2972 1452 -2092 3973 7981 1503 -3432 -3184 -8117 -4634 -4615 -1599 -4770 7157 -1320 5567 -1690 -8134 -6313 3171 -6523 1244 2763 -3762 -2330 -7953 -3886 -5408
29 -2690 2656 -8595 -9947 -2829 -9421 -7261 -7471 3675 -5681 -4211 3377 998 6586 -8397 -5511 9631 -257 -1612 -3391 8718 -3082 8259 -4073 4609 -1882 -8522 -7285 -3700 -8605 6853 1458
30 -9171 -5408 805 -152 4854 -5729 -3841 2294 2054 -3668 -9854 -5771 471 428 559 -7760 -580 -7313 6366 2033 -3316 -7730 -4672 2260 -7141 -7792 -1018 -7839 2505 -3122 1979 -8103
31 -2113 -3462 4469 782 7540 -7206 -2734 8633 3509 -5444 -7683 -3867 2052 8135 2258 -7407 7843 -8308 6466 -7050 8140 1094 2937 -4826 -7488 -3903 -449 -7305 -8184 -6509 -8709 -9764
32 -2471 -9387 -4705 -8291 2388 -4372 -4191 -1215 1743 8840 -1818 -1432 -3880 -2608 -3708 4962 4214 2527 -3194 3194 -1295 4713 -2989 8913 -3307 9664 -3798 -1006 7762 4381 -3055 -92
1 -8952 -8233 -3377 -7490 -2046 -5765 -8873 4633 -1761 -8138 5127 -2424 -6184 -7660 142 5100 -1601 -3442 -8525 -6846 935 6430 -4169 -8706 -6463 5623 7922 -7073 -1972 210 6211 1754
2 -3121 2253 -6707 -8680 -9216 -3473 443 999 555 -5330 -730 -2548 -625 4631 3640 -1066 8040 -2014 -1167 4248 -8461 -1236 2796 312 -2738 -4949 730 -6014 -5537 2556 4248 -445
3 -9831 -4550 -2819 -2699 3293 -5902 -6669 9044 2330 -9925 1003 9050 5026 4066 1738 9801 9623 3843 -9559 -6620 9695 -2082 -6341 -8637 2628 -3671 -8912 -1147 -1387 -5022 8569 -9334
4 -2321 -2424 -2164 -6598 -6886 -6709 -8277 -7128 -553 322 1153 5948 -5606 -4804 -5492 -7093 7411 3993 -2335 -3220 -6798 7610 -5173 -2745 -2296 -1035 8023 -9232 1715 -9748 1804 -6317
